Data;CPIPL_MM;CPIPL_YY;CPIUS_MM;CPIUS_YY;CPI_A;CPI_B;CPI_USA1;CPI_USA2;ZYWN_A;ZYWN_B;PKBPL;PKBUS;M3;SALDO;WIBOR3M;LIBOR3mUSD;LIBOR3mEUR;FED;USD;EUR;BEZROB;BRENT;WTI;Inflacja PL YoY GUS;Inflacja US YoY Bureu of Labor Statistics;Euro Area All Items Yoy NSA Eurostat;Commodity Index
2005-01-28;0.1;0.1;0;0;103.7;100.1;191.6;190.7;106.7;99.8;102.1609433;3.620328519;0.377241485;-1.7938;6.61;2.75;2.139;2.5;3.12;4.0503;19.4;44.51;48.25;3.7;2.9698;1.9;146.8208
2005-02-28;-0.1;0;0.4;0.4;103.6;99.9;192.4;191.8;105.9;99.7;102.1609433;3.620328519;0.382293933;-2.4177;6.31;2.92;2.13544;2.52;2.9501;3.9119;19.4;50.13;51.75;3.6;3.0075;2.1;156.8857
2005-03-28;0.1;0.1;0.4;0.8;103.4;100.1;193.1;193.3;105.3;100.2;102.1609433;3.620328519;0.39118956;-3.6358;5.91;3.12;2.14363;2.96;3.1518;4.0837;19.2;53.22;55.31;3.4;3.1484;2.1;162.0939
2005-04-28;0.4;0.5;0.3;1.1;103;100.4;193.7;194.6;103.7;100.5;102.7539381;3.403569188;0.397675712;-2.9563;5.59;3.21;2.12638;2.97;3.2988;4.2756;18.7;50.61;49.2;3;3.5106;2.1;152.2941
2005-05-28;0.3;0.8;-0.1;1;102.5;100.3;193.6;194.4;104.3;100.9;102.7539381;3.403569188;0.40525421;-4.3794;5.44;3.3375;2.12806;3.09;3.3265;4.1212;18.2;49.3;52.08;2.5;2.8027;2;150.7271
2005-06-28;-0.2;0.6;0.1;1.1;101.4;99.8;193.7;194.5;100.4;98.8;102.7539381;3.403569188;0.404867326;-2.8126;4.9;3.51625;2.106;3.35;3.3461;4.0401;18;55.36;56.63;1.4;2.5303;2.1;152.8846
2005-07-28;-0.2;0.4;0.6;1.7;101.3;99.8;194.9;195.4;99.2;98.3;104.2582373;3.333140527;0.403396094;-3.3864;4.67;3.7;2.12688;3.31;3.3689;4.0758;17.9;59.77;60.71;1.3;3.1679;2.2;159.3296
2005-08-28;-0.1;0.3;0.6;2.3;101.6;99.9;196.1;196.4;100.5;99.4;104.2582373;3.333140527;0.409919699;-3.8389;4.61;3.87;2.13175;3.63;3.314;4.0495;17.7;66.8;68.63;1.6;3.6412;2.2;170.8165
2005-09-28;0.4;0.7;1.4;3.7;101.8;100.4;198.8;198.8;101;100.6;104.2582373;3.333140527;0.414133794;-3.4445;4.5;4.065;2.17388;3.93;3.2575;3.9166;17.6;61.7;66.21;1.8;4.6867;2.6;178.2486
2005-10-28;0.4;1.1;0.2;3.9;101.6;100.4;199.1;199.2;100.8;100.9;104.8222771;3.032171121;0.422359651;-2.6926;4.62;4.26;2.26688;4.02;3.3067;3.9893;17.3;58.47;59.8;1.6;4.3478;2.5;166.5165
2005-11-28;-0.2;0.9;-0.5;3.4;101;99.8;198.1;197.6;99.5;99.7;104.8222771;3.032171121;0.421697322;-3.9572;4.63;4.42;2.47538;4.03;3.3165;3.9053;17.3;53.25;57.33;1;3.4555;2.3;166.4017
2005-12-28;-0.2;0.7;0;3.4;100.7;99.8;198.1;196.8;98.7;100;104.8222771;3.032171121;0.427125439;-4.096;4.6;4.53625;2.48663;4.09;3.2613;3.8598;17.6;58.34;61.06;0.7;3.4157;2.2;171.1493
2006-01-28;0.2;0.8;0.6;4;100.6;100.2;199.3;198.3;99.1;100.3;105.6471792;3.170415133;0.422119795;-2.8511;4.4;4.68;2.54963;4.47;3.163;3.8285;18;63.19;67.86;0.6;3.9853;2.4;173.6687
2006-02-28;0;0.9;0.1;3.7;100.7;100;199.4;198.7;99.8;100.3;105.6471792;3.170415133;0.431534036;-3.1106;4.16;4.8225;2.66363;4.52;3.1768;3.7726;18;59.78;61.37;0.7;3.5975;2.3;162.2336
2006-03-28;-0.1;0.7;0.2;3.5;100.4;99.9;199.7;199.8;99.3;99.8;105.6471792;3.170415133;0.433718524;-3.6218;4.17;5;2.817;5;3.2491;3.9357;17.8;66.06;66.25;0.4;3.3626;2.2;165.194
2006-04-28;0.7;1;0.5;3.7;100.7;100.7;200.7;201.5;99.4;100.7;106.3180217;2.941570766;0.438928485;-2.8949;4.13;5.13;2.8515;4.86;3.0841;3.874;17.2;72.15;71.8;0.7;3.5457;2.5;175.7669
2006-05-28;0.5;1.2;0.3;4.1;100.9;100.5;201.3;202.5;99.8;101.3;106.3180217;2.941570766;0.449313808;-5.1583;4.15;5.23813;2.92763;5.05;3.0671;3.9472;16.5;67.57;71.42;0.9;4.1667;2.5;176.6788
2006-06-28;-0.3;1.1;0.2;4.2;100.8;99.7;201.8;202.9;99.5;98.9;106.3180217;2.941570766;0.454377067;-3.4151;4.21;5.48063;3.05763;5.05;3.1816;4.0434;15.9;73.2;73.94;0.8;4.3188;2.5;173.2354
2006-07-28;0;1.3;0.5;4.1;101.1;100;202.9;203.5;100.2;98.5;106.5185482;2.174673589;0.456525549;-5.1428;4.18;5.46563;3.16263;5.31;3.0831;3.9321;15.7;74.75;74.56;1.1;4.1453;2.4;178.0322
2006-08-28;0.3;1.7;0.4;3.9;101.6;100.3;203.8;203.9;101.8;100.7;106.5185482;2.174673589;0.463246501;-4.2589;4.19;5.3975;3.26363;5.31;3.0651;3.9369;15.5;67.66;70.38;1.6;3.8187;2.3;170.8761
2006-09-28;0.2;1.5;-0.5;2;101.6;100.2;202.8;202.9;102.4;100.6;106.5185482;2.174673589;0.469492056;-3.8796;4.22;5.37;3.41713;5.34;3.1425;3.9835;15.2;59.09;62.9;1.6;2.0624;1.7;159.9566
2006-10-28;0.1;1.2;-0.4;1.4;101.2;100.1;201.9;201.8;102.2;100.8;106.2545564;2.389831216;0.476372084;-4.7684;4.21;5.37063;3.5655;5.31;3.0631;3.8871;14.9;56.13;58.72;1.2;1.3052;1.6;166.8169
2006-11-28;0;1.4;0;1.9;101.4;100;202;201.5;102.2;100.2;106.2545564;2.389831216;0.48326136;-4.1965;4.2;5.37;3.63575;5.31;2.8911;3.8166;14.8;64.36;62.97;1.4;1.9737;1.9;175.214
2006-12-28;-0.2;1.4;0.5;2.4;101.4;99.8;203.1;201.8;101.8;99.7;106.2545564;2.389831216;0.495309469;-6.953;4.2;5.36;3.72313;5.17;2.9105;3.8312;14.8;58.96;60.85;1.4;2.5406;1.9;166.5087
2007-01-28;0.4;1.6;0.2;2;101.6;100.4;203.437;202.416;102.8;101.1;107.7070992;1.236757619;0.503574817;-4.8334;4.19;5.36;3.7815;5.33;3.04;3.932;15.1;56.52;58.17;1.6;2.0756;1.8;166.0942
2007-02-28;0.3;1.9;0.4;2.3;101.9;100.3;204.226;203.499;103.2;100.7;107.7070992;1.236757619;0.509351694;-3.7524;4.22;5.34813;3.84975;5.41;2.9699;3.9175;14.8;59.39;61.78;1.9;2.4152;1.8;171.0131
2007-03-28;0.5;2.5;0.5;2.6;102.5;100.5;205.288;205.352;104.3;100.8;107.7070992;1.236757619;0.511981723;-6.0465;4.24;5.35;3.92738;5.3;2.9058;3.8695;14.3;68.47;65.94;2.5;2.7788;1.9;171.9626
2007-04-28;0.5;2.3;0.3;2.4;102.3;100.5;205.904;206.686;104.6;100.9;107.3308825;1.7073806;0.517000455;-5.5687;4.4;5.355;4.01963;5.29;2.7859;3.7879;13.6;67.23;65.78;2.3;2.5737;1.9;173.2148
2007-05-28;0.5;2.3;0.4;2.5;102.3;100.5;206.755;207.949;104.3;101.2;107.3308825;1.7073806;0.52123668;-5.6932;4.44;5.36;4.12088;5.28;2.8415;3.819;12.9;68.18;64.02;2.3;2.6909;1.9;172.7233
2007-06-28;0;2.6;0.2;2.5;102.6;100;207.234;208.352;104.4;99;107.3308825;1.7073806;0.521382119;-6.3128;4.71;5.36;4.17438;5.31;2.7989;3.7658;12.3;72.22;70.47;2.6;2.687;1.9;169.671
2007-07-28;-0.3;2.3;0.2;2.2;102.3;99.7;207.603;208.299;104.4;98.4;106.931584;2.300275293;0.527691986;-7.175;4.81;5.35866;4.26;5.28;2.7653;3.79;12.1;77.01;78.2;2.3;2.3582;1.8;172.4463
2007-08-28;-0.4;1.6;0;1.8;101.5;99.6;207.667;207.917;102.8;99.4;106.931584;2.300275293;0.538040593;-3.971;5.03;5.62125;4.7425;4.96;2.799;3.823;11.9;72.29;73.98;1.5;1.9701;1.7;165.5659
2007-09-28;0.8;2.2;0.4;2.7;102.3;100.8;208.547;208.49;105.1;102.4;106.931584;2.300275293;0.53732726;-5.911;5.1;5.22875;4.78688;4.58;2.6647;3.7775;11.6;80.97;81.64;2.3;2.7551;2.1;178.2499
2007-10-28;0.6;2.7;0.3;3.4;103;100.6;209.19;208.936;106.6;101.7;106.9096547;1.867920554;0.541941424;-5.9308;5.21;4.89375;4.60313;4.6;2.5155;3.6306;11.3;89.87;94.16;3;3.5362;2.6;183.5241
2007-11-28;0.7;3.4;0.8;4.2;103.6;100.7;210.834;210.177;107.6;101.5;106.9096547;1.867920554;0.548955265;-6.8295;5.56;5.13125;4.81125;4.66;2.4589;3.6267;11.2;88.71;88.6;3.6;4.3062;3.1;177.2468
2007-12-28;0.3;3.9;0.3;4;104;100.3;211.445;210.036;107.9;100.3;106.9096547;1.867920554;0.561623759;-8.2485;5.68;4.7025;4.67875;3.06;2.435;3.582;11.2;93.68;95.95;4;4.0813;3.1;184.964
2008-01-28;0.7;4.2;0.3;4.1;104;100.7;212.174;211.08;107.8;101.1;105.5243627;1.110281135;0.568642967;-6.024;5.65;3.11188;4.3775;3.22;2.4438;3.626;11.5;91.58;91.67;4;4.2803;3.2;192.2861
2008-02-28;0.4;4.3;0.2;3.9;104.2;100.4;212.687;211.693;107.3;100.2;105.5243627;1.110281135;0.577956212;-6.2155;5.94;3.0575;4.38813;3.01;2.3155;3.5204;11.3;100.9;101.78;4.2;4.0266;3.3;215.5208
2008-03-28;0.4;4.2;0.4;3.8;104.1;100.4;213.448;213.528;107;100.4;105.5243627;1.110281135;0.581823215;-8.0849;6.15;2.68813;4.7275;2.51;2.2305;3.5258;10.9;102.33;101.54;4.1;3.9815;3.6;201.5983
2008-04-28;0.4;4.1;0.2;3.7;104;100.4;213.942;214.823;106.8;100.7;104.9337392;0.840370113;0.594317671;-7.0392;6.34;2.85;4.85563;2.37;2.2267;3.4604;10.3;111.12;113.7;4;3.9369;3.3;208.5523
2008-05-28;0.8;4.4;0.6;3.9;104.4;100.8;215.208;216.632;107;101.2;104.9337392;0.840370113;0.600136357;-7.3894;6.48;2.68063;4.86;1.98;2.1824;3.3788;9.8;127.85;127.35;4.4;4.1755;3.7;213.9473
2008-06-28;0.2;4.6;1;4.7;104.6;100.2;217.463;218.815;107.6;99.4;104.9337392;0.840370113;0.606583068;-8.465;6.65;2.78313;4.94938;2.47;2.1194;3.3542;9.4;138.4;139.96;4.6;5.0218;4;233.0345
2008-07-28;0;4.9;0.7;5.2;104.8;100;219.016;219.964;107.8;98.9;103.6631272;-0.313953878;0.616092587;-7.9858;6.56;2.79125;4.9625;2.09;2.0509;3.2026;9.2;124.1;124.17;4.8;5.6001;4;205.1032
2008-08-28;-0.4;4.9;-0.1;5.1;104.8;99.6;218.69;219.086;106.9;98.4;103.6631272;-0.313953878;0.628647656;-6.9452;6.5;2.81063;4.95938;1.94;2.2691;3.346;9.1;113.49;115.55;4.8;5.3719;3.8;189.8888
2008-09-28;0.3;4.4;0.1;4.8;104.5;100.3;218.877;218.783;105.1;100.6;103.6631272;-0.313953878;0.630463687;-7.4032;6.63;4.0525;5.27375;2.03;2.3708;3.4083;8.9;93.52;100.7;4.5;4.9369;3.6;167.7756
2008-10-28;0.4;4.2;-0.9;3.6;104.2;100.4;216.995;216.573;104;100.8;101.9314865;-2.766845876;0.635742408;-7.9223;6.85;3.02625;4.76875;0.22;2.8472;3.633;8.8;60;68.1;4.2;3.6552;3.2;131.9721
2008-11-28;0.2;3.7;-1.8;1;103.7;100.2;213.153;212.425;102.9;100.7;101.9314865;-2.766845876;0.648296529;-8.0907;6.56;2.21688;3.85125;0.52;2.9196;3.7572;9.1;47.72;55.21;3.7;1.0696;2.1;122.7531
2008-12-28;-0.1;3.3;-0.8;-0.1;103.3;99.9;211.398;210.228;103.2;100.8;101.9314865;-2.766845876;0.666231322;-10.08;5.88;1.425;2.89375;0.14;2.9618;4.1724;9.5;35.82;44.6;3.3;0.0914;1.6;117.2441
2009-01-28;0.5;3.1;0.3;-0.1;102.8;100.5;211.933;211.143;103.1;101.1;101.5493236;-3.455455187;0.668851699;-4.3688;4.86;1.18438;2.09063;0.23;3.4561;4.4392;10.4;44.17;41.73;2.8;0.0298;1.1;110.9304
2009-02-28;0.9;3.6;0.4;0.1;103.3;100.9;212.705;212.193;103.4;100.6;101.5493236;-3.455455187;0.680923304;-2.5377;4.51;1.26438;1.82813;0.22;3.6758;4.6578;10.9;44.41;44.15;3.3;0.2362;1.2;105.988
2009-03-28;0.7;3.9;-0.1;-0.4;103.6;100.7;212.495;212.709;104.8;101.9;101.5493236;-3.455455187;0.683678499;-3.7231;4.17;1.19188;1.50625;0.16;3.5416;4.7013;11.1;46.13;49.64;3.6;-0.3836;0.6;109.7822
2009-04-28;0.7;4.2;0.1;-0.5;104;100.7;212.709;213.24;105.6;101.6;101.8625167;-4.061911063;0.680025794;-3.469;4.3;1.01625;1.36063;0.2;3.2859;4.3838;10.9;50.3;50.35;4;-0.7369;0.6;110.5712
2009-05-28;0.5;3.9;0.1;-1;103.6;100.5;213.022;213.856;105.2;100.7;101.8625167;-4.061911063;0.685393376;-2.7359;4.62;0.65625;1.26875;0.19;3.1812;4.4588;10.7;64.98;66.31;3.6;-1.2814;0;124.9324
2009-06-28;0.2;3.9;0.8;-1.2;103.5;100.2;214.79;215.693;104.7;98.9;101.8625167;-4.061911063;0.693693402;-3.8317;4.44;0.595;1.095;0.22;3.1733;4.4696;10.6;68.11;69.82;3.5;-1.4268;-0.1;122.5361
2009-07-28;0.1;4;0;-1.9;103.6;100.1;214.726;215.351;104;98.8;102.6650273;-3.284401945;0.689427678;-4.0009;4.17;0.47938;0.86188;0.18;2.9525;4.1605;10.7;70.08;69.26;3.6;-2.0972;-0.6;126.4754
2009-08-28;-0.4;4;0.3;-1.5;103.7;99.6;215.445;215.834;104.5;98.7;102.6650273;-3.284401945;0.685391105;-4.2233;4.18;0.3475;0.79906;0.15;2.8675;4.0998;10.8;69.02;69.97;3.7;-1.4843;-0.2;125.7191
2009-09-28;0;3.7;0.2;-1.4;103.4;100;215.861;215.969;103.6;99.8;102.6650273;-3.284401945;0.691267906;-1.9432;4.18;0.28688;0.70688;0.07;2.8852;4.2226;10.9;65.82;70.46;3.4;-1.2862;-0.3;127.6833
2009-10-28;0.1;3.4;0.3;-0.2;103.1;100.1;216.509;216.177;103;100.3;104.229317;-0.240790286;0.71119349;-2.9332;4.18;0.28063;0.67188;0.11;2.8595;4.243;11.1;74.91;77.04;3.1;-0.1828;-0.1;131.8621
2009-11-28;0.3;3.5;0.3;1.9;103.3;100.3;217.234;216.33;103.4;100.7;104.229317;-0.240790286;0.699860597;-2.735;4.19;0.25656;0.68;0.13;2.7538;4.1431;11.4;77.77;77.19;3.3;1.8383;0.5;136.4934
2009-12-28;0;3.6;0.1;2.8;103.5;100;217.347;215.949;103.4;100.5;104.229317;-0.240790286;0.720232522;-3.6388;4.27;0.25063;0.655;0.05;2.8503;4.1082;12.1;77.91;79.39;3.5;2.7213;0.9;139.1873
2010-01-28;0.6;3.7;0.1;2.6;103.5;100.6;217.488;216.687;103;100.9;102.1304323;1.598608696;0.711029218;-2.3355;4.19;0.24906;0.60875;0.12;2.9083;4.0616;12.9;71.2;72.85;3.5;2.6257;0.9;129.0506
2010-02-28;0.2;3;-0.1;2.1;102.9;100.2;217.281;216.741;102.8;100.3;102.1304323;1.598608696;0.715590898;-3.3402;4.15;0.25169;0.60125;0.13;2.9251;3.9768;13.2;76.36;79.72;2.9;2.1433;0.8;133.8318
2010-03-28;0.3;2.6;0;2.2;102.6;100.3;217.353;217.631;101.4;100.3;102.1304323;1.598608696;0.721504861;-4.5353;4.1;0.2915;0.5775;0.09;2.872;3.8622;13;80.37;83.45;2.6;2.314;1.6;132.1517
2010-04-28;0.4;2.3;0;2.1;102.4;100.4;217.403;218.009;100.7;100.7;103.5686177;2.718799632;0.721225832;-3.0698;3.86;0.34656;0.6075;0.2;2.9305;3.902;12.4;86.19;86.07;2.4;2.2364;1.6;134.7037
2010-05-28;0.3;2.1;-0.1;1.9;102.2;100.3;217.29;218.178;100.6;100.7;103.5686177;2.718799632;0.737851887;-4.2624;3.86;0.53625;0.63313;0.19;3.3132;4.077;12.1;73;74;2.2;2.021;1.7;125.3626
2010-06-28;0.3;2.2;0;1.1;102.3;100.3;217.199;217.965;102.2;100.5;103.5686177;2.718799632;0.742764178;-3.8517;3.87;0.53394;0.70625;0.09;3.3946;4.1458;11.7;74.94;75.59;2.3;1.0534;1.5;125.7471
2010-07-28;-0.2;1.9;0.2;1.3;102;99.8;217.605;218.011;102.4;98.9;104.0277337;3.075854886;0.743271862;-4.8443;3.82;0.45375;0.8325;0.18;3.0731;4.008;11.5;77.5;78.85;2;1.2352;1.7;134.2481
2010-08-28;-0.4;1.9;0.1;1.1;102;99.6;217.923;218.312;102.3;98.6;104.0277337;3.075854886;0.749563609;-6.0597;3.81;0.29563;0.83;0.21;3.1583;4.0038;11.4;75.51;71.93;2;1.1481;1.6;130.8135
2010-09-28;0.6;2.5;0.2;1.1;102.5;100.6;218.275;218.439;104.3;101.8;104.0277337;3.075854886;0.752866413;-3.9272;3.84;0.29;0.8475;0.15;2.925;3.987;11.5;80.77;79.95;2.5;1.1437;1.9;140.2939
2010-10-28;0.5;2.9;0.3;1.1;102.8;100.5;219.035;218.711;104.8;101;104.8492308;2.730729822;0.756551718;-4.8481;3.85;0.28594;0.98688;0.2;2.8873;3.9944;11.5;82.47;81.45;2.8;1.1722;1.9;147.2686
2010-11-28;0.1;2.7;0.3;1.1;102.7;100.1;219.59;218.803;104.3;100.2;104.8492308;2.730729822;0.763350145;-6.9757;3.88;0.30031;0.9675;0.2;3.1308;4.0734;11.7;86.02;84.12;2.7;1.1432;1.9;146.7299
2010-12-28;0.4;3.1;0.4;1.4;103.1;100.4;220.472;219.179;103.9;100;104.8492308;2.730729822;0.783648468;-7.1125;3.95;0.30281;0.93875;0.13;2.9641;3.9603;12.4;93.23;91.38;3.1;1.4957;2.2;162.3929
2011-01-28;1.2;3.7;0.3;1.6;103.6;101.2;221.187;220.223;104.6;101.8;104.8835052;1.89321319;0.769157526;-4.1472;4.09;0.30438;1.02375;0.17;2.8845;3.9345;13.1;98.97;90.99;3.6;1.6319;2.3;163.9999
2011-02-28;0.2;3.7;0.3;2;103.6;100.2;221.898;221.309;105;100.7;104.8835052;1.89321319;0.775999704;-4.7275;4.15;0.3095;1.0475;0.16;2.8765;3.9763;13.4;112.27;97.1;3.6;2.1076;2.4;166.1437
2011-03-28;0.9;4.3;0.5;2.5;104.3;100.9;223.046;223.467;106.8;102.1;104.8835052;1.89321319;0.801198988;-4.7474;4.19;0.303;1.18;0.1;2.8229;4.0119;13.3;116.94;106.19;4.3;2.6816;2.7;169.5579
2011-04-28;0.5;4.4;0.5;3;104.5;100.5;224.093;224.906;107.2;100.8;104.7825695;1.652662774;0.790249402;-6.3276;4.3;0.273;1.345;0.09;2.6501;3.9376;12.8;126.59;113.39;4.5;3.1636;2.8;175.4211
2011-05-28;0.6;4.7;0.3;3.4;105;100.6;224.806;225.964;108.8;101.3;104.7825695;1.652662774;0.795501165;-5.6066;4.45;0.25288;1.38188;0.1;2.7468;3.9569;12.4;117.18;102.7;5;3.5687;2.7;166.5416
2011-06-28;-0.4;4;0;3.4;104.2;99.6;224.806;225.722;106.4;98.2;104.7825695;1.652662774;0.797345218;-6.4066;4.69;0.24575;1.49063;0.07;2.7517;3.9866;11.9;111.71;95.3;4.2;3.5588;2.7;158.1349
2011-07-28;-0.3;3.9;0.3;3.5;104.1;99.7;225.395;225.922;105.3;98.3;105.0162854;1.182850022;0.799122508;-6.4697;4.71;0.2555;1.55688;0.11;2.8109;4.0125;11.8;115.93;95.68;4.1;3.6287;2.6;162.8146
2011-08-28;0;4.3;0.3;3.7;104.3;100;226.106;226.545;104.5;98.6;105.0162854;1.182850022;0.815789647;-5.6802;4.72;0.32722;1.48375;0.08;2.8695;4.1445;11.8;116.48;88.81;4.3;3.7712;2.5;164.4327
2011-09-28;0.1;3.8;0.2;3.7;103.9;100.1;226.597;226.889;103.3;99.8;105.0162854;1.182850022;0.829472878;-3.4561;4.76;0.37433;1.495;0.06;3.2574;4.4112;11.8;105.42;78.93;3.9;3.8684;3;140.2016
2011-10-28;0.7;4;0.1;3.5;104.3;100.7;226.75;226.421;104.1;101;105.3002942;1.682174175;0.835655475;-4.8576;4.91;0.42944;1.52688;0.09;3.1024;4.3433;11.8;108.43;93.19;4.3;3.5252;3;149.4779
2011-11-28;0.7;4.6;0.2;3.4;104.8;100.7;227.169;226.23;104.6;101.2;105.3002942;1.682174175;0.853343564;-5.3185;4.97;0.52889;1.40688;0.1;3.4248;4.5494;12.1;111.22;100.36;4.8;3.3944;3;146.1596
2011-12-28;0.4;4.6;0;3;104.6;100.4;227.223;225.672;104.7;100.8;105.3002942;1.682174175;0.881496318;-6.8887;4.99;0.581;1.29214;0.04;3.4174;4.4168;12.5;108.09;98.83;4.6;2.9624;2.7;140.6802
2012-01-28;0.7;4.1;0.3;3;104.1;100.7;227.86;226.665;104.5;101.6;103.2789272;2.753119687;0.874632482;-4.9155;4.99;0.54235;1.05929;0.11;3.2032;4.227;13.2;110.26;98.46;4.1;2.9252;2.7;144.1561
2012-02-28;0.4;4.3;0.2;2.9;104.3;100.4;228.377;227.663;104.5;100.7;103.2789272;2.753119687;0.872121289;-5.5883;4.96;0.48425;0.89586;0.1;3.073;4.1365;13.4;122.23;107.08;4.3;2.8711;2.7;148.0367
2012-03-28;0.5;3.9;0.2;2.6;103.9;100.5;228.894;229.392;103.7;101.2;103.2789272;2.753119687;0.874495825;-4.0811;4.94;0.46815;0.68086;0.09;3.1191;4.1616;13.3;123.41;103.03;3.9;2.6514;2.7;141.9021
2012-04-28;0.6;4;0.2;2.3;104;100.6;229.286;230.085;103.2;100.2;102.2501397;2.487057693;0.870702605;-3.9486;4.95;0.46585;0.63686;0.16;3.1509;4.1721;12.9;118.66;104.89;4;2.3027;2.6;141.2917
2012-05-28;0.2;3.6;-0.2;1.8;103.6;100.2;228.722;229.815;102.7;100.8;102.2501397;2.487057693;0.884150734;-5.596;5.11;0.46685;0.59464;0.16;3.5372;4.3889;12.6;103.86;86.52;3.6;1.7043;2.4;128.3789
2012-06-28;0.2;4.2;-0.1;1.7;104.3;100.2;228.506;229.478;105.4;100.7;102.2501397;2.487057693;0.884720944;-3.4837;5.13;0.4606;0.55571;0.09;3.3885;4.2613;12.3;94.17;85.04;4.3;1.664;2.4;135.4213
2012-07-28;-0.5;4;0;1.4;104;99.5;228.475;229.104;105;98;100.9112175;2.394631552;0.886873061;-3.1285;5.11;0.4426;0.26179;0.13;3.3508;4.1086;12.3;105.93;88.08;4;1.4085;2.4;144.169
2012-08-28;-0.3;3.7;0.6;1.7;103.8;99.7;229.844;230.379;105.3;98.9;100.9112175;2.394631552;0.895533819;-1.7074;4.99;0.41825;0.16786;0.13;3.3353;4.1838;12.4;113.93;96.47;3.8;1.6924;2.6;146.0275
2012-09-28;0.1;3.7;0.5;2;103.8;100.1;230.987;231.407;105.3;99.9;100.9112175;2.394631552;0.892680001;-1.4629;4.92;0.3585;0.15429;0.09;3.178;4.1138;12.4;111.36;92.18;3.8;1.9913;2.6;148.5061
2012-10-28;0.4;3.4;0.3;2.2;103.4;100.4;231.655;231.317;104.7;100.6;100.1255287;1.277130801;0.902437527;-0.8196;4.73;0.31275;0.13286;0.18;3.1806;4.135;12.5;109.89;86.23;3.4;2.1623;2.5;142.7416
2012-11-28;0.1;2.8;-0.2;1.8;102.8;100.1;231.278;230.221;103.9;100.5;100.1255287;1.277130801;0.901845506;-3.3797;4.49;0.3105;0.12643;0.16;3.1585;4.1064;12.9;110.84;88.54;2.8;1.7641;2.2;142.8028
2012-12-28;0.1;2.5;0;1.8;102.4;100.1;231.272;229.601;103.9;100.8;100.1255287;1.277130801;0.92141248;-6.5977;4.11;0.306;0.12857;0.09;3.0996;4.0882;13.4;110.8;91.83;2.4;1.741;2.2;139.0707
2013-01-28;0.1;1.9;0.2;1.7;101.7;100.1;231.641;230.28;103.5;101.3;99.96304014;1.086913871;0.913439383;-1.5793;3.95;0.298;0.15214;0.15;3.0874;4.187;14.2;115.55;97.65;1.7;1.5949;2;142.3956
2013-02-28;0;1.5;0.6;2.1;101.3;100;233.005;232.166;102.5;99.8;99.96304014;1.086913871;0.920261092;0.4759;3.73;0.2871;0.13;0.14;3.1679;4.157;14.4;112.2;92.03;1.3;1.9779;1.9;136.5666
2013-03-28;0.2;1.2;-0.3;1.6;101;100.2;232.313;232.773;101.5;100.1;99.96304014;1.086913871;0.932005534;-3.4739;3.39;0.2826;0.13071;0.09;3.259;4.1774;14.3;108.46;97.24;1;1.4739;1.7;137.4762
2013-04-28;0.4;1;-0.2;1.2;100.8;100.4;231.856;232.531;101.7;100.4;100.4940673;0.896995261;0.935231265;1.2976;3.08;0.2731;0.12286;0.14;3.1721;4.1429;14;101.53;93.22;0.8;1.0631;1.2;133.6316
2013-05-28;-0.1;0.7;0;1.4;100.5;99.9;231.895;232.945;101.6;100.7;100.4940673;0.896995261;0.941791066;-1.0955;2.74;0.27525;0.115;0.09;3.2953;4.2902;13.6;100.43;91.93;0.5;1.362;1.4;130.6295
2013-06-28;0;0.5;0.2;1.7;100.2;100;232.357;233.504;100.7;99.7;100.4940673;0.896995261;0.946586353;1.0323;2.73;0.2731;0.14714;0.07;3.3175;4.3292;13.2;102.49;96.36;0.2;1.7544;1.6;124.4663
2013-07-28;0.3;1.3;0.2;1.9;101.1;100.3;232.749;233.596;102.5;99.7;101.7600766;1.518776657;0.945076796;-1.0004;2.7;0.2656;0.15214;0.09;3.1929;4.2427;13.1;107.89;105.1;1.1;1.9607;1.6;126.1571
2013-08-28;-0.3;1.3;0.2;1.5;101.1;99.7;233.249;233.877;102.5;98.8;101.7600766;1.518776657;0.949987643;-0.4484;2.7;0.2595;0.15357;0.07;3.2209;4.2654;13;115.97;107.98;1.1;1.5184;1.3;130.4445
2013-09-28;0.1;1.3;0.2;1.2;101;100.1;233.642;234.149;102.6;100;101.7600766;1.518776657;0.947227581;1.6851;2.67;0.24885;0.15929;0.06;3.1227;4.2163;13;107.85;102.36;1;1.1849;1.1;127.1103
2013-10-28;0.2;1.1;0.1;1;100.8;100.2;233.799;233.546;101.9;99.9;102.6174778;2.451850263;0.955418698;-0.9761;2.66;0.242;0.17571;0.07;3.0507;4.1766;13;107.53;96.29;0.8;0.9636;0.7;125.2281
2013-11-28;-0.2;0.8;0.2;1.4;100.6;99.8;234.21;233.069;101.7;100.2;102.6174778;2.451850263;0.953446267;-1.6045;2.65;0.2391;0.19;0.07;3.0846;4.1998;13.2;111.07;92.55;0.6;1.2371;0.9;124.2192
2013-12-28;0.1;0.8;0.3;1.7;100.7;100.1;234.847;233.049;101.5;100.7;102.6174778;2.451850263;0.978908218;-2.5322;2.71;0.2461;0.26571;0.07;3.012;4.1472;13.4;109.95;98.17;0.7;1.5017;0.8;125.7515
2014-01-28;0.1;0.8;0.3;1.8;100.5;100.1;235.436;233.916;101.6;101.5;103.3717201;1.731878995;0.962415645;-0.4237;2.71;0.2366;0.26286;0.07;3.1288;4.2368;14;108.16;97.55;0.5;1.5789;0.8;126.1206
2014-02-28;0.1;0.9;0.1;1.3;100.7;100.1;235.621;234.781;101.6;99.8;103.3717201;1.731878995;0.968442267;-0.5691;2.71;0.23565;0.26143;0.06;3.0254;4.1602;13.9;108.98;102.88;0.7;1.1264;0.7;133.9783
2014-03-28;0.1;0.8;0.1;1.7;100.7;100.1;235.897;236.293;101.2;99.7;103.3717201;1.731878995;0.980377256;-1.0276;2.71;0.2306;0.28143;0.06;3.0344;4.1713;13.5;105.95;101.57;0.7;1.5122;0.5;134.5234
2014-04-28;0;0.4;0.3;2.2;100.3;100;236.495;237.072;100.3;99.5;103.3917855;2.588998852;0.986142157;0.6638;2.72;0.22335;0.30786;0.09;3.044;4.1994;13;108.63;100.07;0.3;1.9529;0.7;137.7964
2014-05-28;-0.1;0.4;0.1;2.3;100.2;99.9;236.803;237.9;99.2;99.6;103.3917855;2.588998852;0.991119993;-2.1171;2.72;0.2274;0.28714;0.08;3.0435;4.142;12.5;109.21;103.4;0.2;2.1271;0.5;133.8324
2014-06-28;0;0.4;0.1;2.2;100.3;100;237.016;238.343;99.1;99.7;103.3917855;2.588998852;0.996171156;-0.5791;2.68;0.2307;0.17571;0.09;3.0473;4.1609;12;111.03;106.07;0.3;2.0723;0.5;134.6268
2014-07-28;-0.2;-0.1;0.1;2.1;99.8;99.8;237.259;238.25;98.3;98.9;103.2659622;2.910134235;1.002137279;-2.133;2.67;0.2391;0.17714;0.08;3.1094;4.164;11.8;104.94;98.23;-0.2;1.9923;0.4;127.9143
2014-08-28;-0.4;-0.2;0;1.9;99.7;99.6;237.163;237.852;97.9;98.4;103.2659622;2.910134235;1.020561111;-1.8168;2.59;0.2336;0.12643;0.07;3.1965;4.2129;11.7;101.12;97.86;-0.3;1.6996;0.4;126.5745
2014-09-28;0;-0.3;0.1;1.8;99.7;100;237.51;238.031;98;100.1;103.2659622;2.910134235;1.021824195;0.8776;2.28;0.2351;0.05714;0.07;3.2973;4.1755;11.5;95.7;91.17;-0.3;1.6579;0.3;118.6922
2014-10-28;0;-0.5;0.1;1.8;99.4;100;237.651;237.433;97.8;99.8;103.3128716;2.473749326;1.028665265;-0.7915;1.96;0.2321;0.06214;0.07;3.3459;4.2043;11.3;84.17;80.53;-0.6;1.6643;0.4;117.7365
2014-11-28;-0.2;-0.5;-0.2;1.4;99.4;99.8;237.261;236.151;97.5;99.9;103.3128716;2.473749326;1.033417841;-0.7703;2.06;0.2336;0.06214;0.08;3.3605;4.1814;11.4;71.89;65.94;-0.6;1.3224;0.3;112.9451
2014-12-28;-0.3;-0.9;-0.3;0.8;99;99.7;236.464;234.812;96.8;100;103.3128716;2.473749326;1.05901526;-2.4091;2.06;0.2556;0.05857;0.06;3.5072;4.2623;11.4;55.27;53.45;-1;0.7565;-0.2;104.3285
2015-01-28;-0.2;-1.2;-0.6;-0.1;98.6;99.8;234.954;233.707;96.1;100.8;103.7077597;2.876965831;1.044747366;2.0578;2;0.2531;0.03214;0.06;3.7204;4.2081;11.9;47.52;47.79;-1.4;-0.0893;-0.6;100.8413
2015-02-28;-0.1;-1.4;0.2;0;98.4;99.9;235.415;234.722;96.3;100;103.7077597;2.876965831;1.052746148;2.5781;1.81;0.26185;0.025;0.06;3.698;4.1495;11.9;61.89;49.84;-1.6;-0.0251;-0.3;103.4379
2015-03-28;0.2;-1.3;0.2;0.1;98.5;100.2;235.859;236.119;96.5;99.9;103.7077597;2.876965831;1.066042165;1.856;1.65;0.27075;0.01786;0.06;3.8125;4.089;11.5;53.69;47.72;-1.5;-0.0736;-0.1;98.123
2015-04-28;0.4;-0.9;0.1;-0.1;98.9;100.4;236.197;236.599;97.5;100.6;103.3131971;2.717353709;1.055849171;-0.2808;1.65;0.27875;-0.00786;0.08;3.5987;4.0337;11.1;63.9;59.62;-1.1;-0.1995;0;103.7471
2015-05-28;0;-0.8;0.3;0.1;99.1;100;236.876;237.805;97.8;99.8;103.3131971;2.717353709;1.065807766;2.8054;1.68;0.28375;-0.01571;0.08;3.7671;4.1301;10.7;63.16;60.25;-0.9;-0.0399;0.3;100.9465
2015-06-28;0;-0.8;0.2;0.2;99.2;100;237.423;238.638;98.3;100.1;103.3131971;2.717353709;1.07772745;0.513;1.72;0.2832;-0.01214;0.08;3.7645;4.1944;10.2;60.31;59.48;-0.8;0.1238;0.2;102.6892
2015-07-28;-0.1;-0.7;0.1;0.2;99.3;99.9;237.734;238.654;98.3;98.9;103.5376153;2.148262471;1.087321871;-1.8994;1.72;0.3086;-0.01714;0.08;3.7929;4.1488;10;53.29;47.11;-0.7;0.1696;0.2;91.7827
2015-08-28;-0.4;-0.7;0;0.2;99.4;99.6;237.703;238.316;99.3;99.3;103.5376153;2.148262471;1.09449691;-0.1255;1.72;0.329;-0.03;0.08;3.778;4.2344;9.9;47.97;49.2;-0.6;0.1951;0.1;90.9328
2015-09-28;-0.3;-1;-0.1;0;99.2;99.7;237.489;237.945;99.8;100.6;103.5376153;2.148262471;1.106539682;0.8735;1.73;0.325;-0.04071;0.07;3.7754;4.2386;9.7;47.29;45.06;-0.8;-0.0361;-0.1;87.8214
2015-10-28;0.1;-0.9;0.2;0.1;99.3;100.1;237.949;237.838;100.4;100.4;103.9;1.801082259;1.120685204;2.8143;1.73;0.3341;-0.07429;0.07;3.8748;4.2652;9.6;48;46.6;-0.7;0.1706;0.1;87.4289
2015-11-28;-0.1;-0.8;0.1;0.4;99.4;99.9;238.302;237.336;100.1;99.7;103.9;1.801082259;1.130023045;3.492;1.73;0.4162;-0.11714;0.08;4.0304;4.2639;9.6;43.73;40.43;-0.6;0.5018;0.1;81.0781
2015-12-28;-0.2;-0.7;-0.1;0.6;99.5;99.8;238.041;236.525;99.9;99.9;103.9;1.801082259;1.155401043;-2;1.72;0.6127;-0.12786;0.2;3.9011;4.2615;9.8;36.61;37.13;-0.5;0.7295;0.2;78.5588
